,ano,sigla_uf,id_municipio,tempo_medio_deslocamento,prop_deslocamento_acima_1_hora
0,2010,RO,1100205,28,7.0
1,2010,AC,1200401,26,5.0
2,2010,PA,1202400,21,3.0
3,2010,PA,1206500,25,7.0
4,2010,AM,1302603,41,17.0
5,2010,RR,1400100,33,11.0
6,2010,PA,1500800,42,21.32944
7,2010,PA,1501402,33,3.0
8,2010,PA,1501501,38,22.5799663
9,2010,PA,1504422,40,20.7157491
10,2010,PA,1506351,32,16.7735317
11,2010,AP,1600303,24,4.0
12,2010,TO,1721000,26,5.0
13,2010,MA,2111300,38,14.0
14,2010,PI,2211001,28,6.0
15,2010,CE,2301000,23,4.0667786
16,2010,CE,2303501,23,5.0290681
17,2010,CE,2303709,36,14.9528542
18,2010,CE,2303956,24,5.675786
19,2010,CE,2304285,25,5.2245707
20,2010,CE,2304400,35,13.0
21,2010,CE,2304954,26,8.5052632
22,2010,CE,2305233,21,2.7693226
23,2010,CE,2306256,34,13.6139257
24,2010,CE,2307650,33,12.4648533
25,2010,CE,2307700,28,8.0139248
26,2010,CE,2309607,21,2.9495765
27,2010,CE,2309706,34,13.556241
28,2010,CE,2310209,23,4.0
29,2010,CE,2310258,19,3.0
30,2010,CE,2310852,21,5.0640168
31,2010,CE,2312403,23,4.1527187
32,2010,CE,2312601,19,4.0
33,2010,CE,2313500,19,3.0
34,2010,RN,2408102,32,9.0
35,2010,PB,2507507,30,7.0
36,2010,PE,2600054,45,27.0
37,2010,PE,2601052,37,17.0
38,2010,PE,2602902,35,11.0
39,2010,PE,2603454,46,25.0
40,2010,PE,2606200,25,7.0
41,2010,PE,2606804,39,20.0
42,2010,PE,2607208,28,7.0
43,2010,PE,2607604,33,17.0
44,2010,PE,2607752,36,19.0
45,2010,PE,2607901,43,21.0
46,2010,PE,2609402,46,31.0
47,2010,PE,2609600,40,16.0
48,2010,PE,2610707,46,26.0
49,2010,PE,2611606,35,11.0
50,2010,PE,2613701,52,39.0
51,2010,AL,2704302,36,13.0
52,2010,SE,2800308,31,8.0
53,2010,BA,2905701,30,9.2257133
54,2010,BA,2906501,27,5.1572484
55,2010,BA,2910057,30,9.511471
56,2010,BA,2916104,30,12.0796156
57,2010,BA,2919207,38,16.2494838
58,2010,BA,2919926,29,9.2616034
59,2010,BA,2921005,33,12.2287781
60,2010,BA,2925204,24,3.9038295
61,2010,BA,2927408,44,22.0
62,2010,BA,2929206,25,7.1623838
63,2010,BA,2929503,32,11.641791
64,2010,BA,2930709,36,15.5893318
65,2010,BA,2933208,29,11.9671383
66,2010,MG,3104502,21,5.0
67,2010,MG,3105004,25,7.0
68,2010,MG,3106200,39,17.0
69,2010,MG,3106705,38,17.0
70,2010,MG,3109006,33,11.0
71,2010,MG,3109303,22,7.0
72,2010,MG,3109451,28,10.0
73,2010,MG,3110004,39,20.0
74,2010,MG,3112505,29,7.0
75,2010,MG,3117876,21,2.0
76,2010,MG,3118601,41,19.0
77,2010,MG,3124104,47,29.0
78,2010,MG,3126000,23,5.0
79,2010,MG,3129806,54,36.0
80,2010,MG,3130101,33,14.0
81,2010,MG,3132206,21,2.0
82,2010,MG,3133709,23,3.0
83,2010,MG,3134608,26,8.0
84,2010,MG,3136603,22,5.0
85,2010,MG,3136652,29,9.0
86,2010,MG,3137601,32,12.0
87,2010,MG,3140159,42,24.0
88,2010,MG,3140704,24,5.0
89,2010,MG,3141108,28,7.0
90,2010,MG,3144805,39,17.0
91,2010,MG,3149309,32,12.0
92,2010,MG,3153905,50,29.0
93,2010,MG,3154606,58,42.0
94,2010,MG,3154804,39,21.0
95,2010,MG,3155306,23,4.0
96,2010,MG,3156700,46,23.0
97,2010,MG,3157807,50,30.0
98,2010,MG,3162922,32,11.0
99,2010,MG,3162955,39,20.0
100,2010,MG,3165537,48,32.0
101,2010,MG,3168309,25,6.0
102,2010,MG,3170404,22,5.0
103,2010,MG,3171204,47,27.0
104,2010,ES,3205309,28,5.0
105,2010,RJ,3300456,59,43.0
106,2010,RJ,3300803,27,9.0
107,2010,RJ,3301702,50,32.0
108,2010,RJ,3301850,35,17.0
109,2010,RJ,3301900,48,30.0
110,2010,RJ,3302007,32,10.0
111,2010,RJ,3302270,67,53.0
112,2010,RJ,3302502,46,29.0
113,2010,RJ,3302700,45,28.0
114,2010,RJ,3302858,50,33.0
115,2010,RJ,3303203,49,33.0
116,2010,RJ,3303302,45,24.0
117,2010,RJ,3303500,56,39.0
118,2010,RJ,3303609,35,18.0
119,2010,RJ,3304144,60,46.0
120,2010,RJ,3304300,28,8.0
121,2010,RJ,3304557,46,25.0
122,2010,RJ,3304904,52,31.0
123,2010,RJ,3305109,51,33.0
124,2010,RJ,3305554,42,23.0
125,2010,RJ,3305752,36,16.0
126,2010,SP,3503901,38,17.0
127,2010,SP,3505708,41,19.0
128,2010,SP,3506607,34,14.0
129,2010,SP,3509007,46,28.0
130,2010,SP,3509205,35,12.0
131,2010,SP,3510609,50,28.0
132,2010,SP,3513009,45,24.0
133,2010,SP,3513801,40,18.0
134,2010,SP,3515004,54,35.0
135,2010,SP,3515103,50,31.0
136,2010,SP,3515707,60,47.0
137,2010,SP,3516309,66,54.0
138,2010,SP,3516408,57,42.0
139,2010,SP,3518305,30,9.0
140,2010,SP,3518800,46,25.0
141,2010,SP,3522208,59,42.0
142,2010,SP,3522505,52,32.0
143,2010,SP,3523107,54,36.0
144,2010,SP,3525003,44,23.0
145,2010,SP,3526209,34,17.0
146,2010,SP,3528502,37,16.0
147,2010,SP,3529401,51,31.0
148,2010,SP,3530607,37,16.0
149,2010,SP,3534401,46,23.0
150,2010,SP,3539103,37,15.0
151,2010,SP,3539806,48,31.0
152,2010,SP,3543303,45,25.0
153,2010,SP,3544103,50,32.0
154,2010,SP,3545001,37,18.0
155,2010,SP,3546801,37,16.0
156,2010,SP,3547304,40,18.0
157,2010,SP,3547809,43,21.0
158,2010,SP,3548708,42,20.0
159,2010,SP,3548807,36,16.0
160,2010,SP,3549953,33,14.0
161,2010,SP,3550308,51,31.0
162,2010,SP,3552502,46,26.0
163,2010,SP,3552809,49,29.0
164,2010,SP,3556453,36,15.0
165,2010,PR,4100202,28,12.0
166,2010,PR,4100301,23,6.0
167,2010,PR,4100400,47,25.0
168,2010,PR,4101804,36,16.0
169,2010,PR,4102307,27,7.0
170,2010,PR,4103107,40,25.0
171,2010,PR,4104006,35,14.0
172,2010,PR,4104105,21,3.0
173,2010,PR,4104204,33,12.0
174,2010,PR,4104253,45,25.0
175,2010,PR,4105201,22,4.0
176,2010,PR,4105805,43,21.0
177,2010,PR,4106209,29,9.0
178,2010,PR,4106902,34,11.0
179,2010,PR,4107652,55,41.0
180,2010,PR,4111258,47,30.0
181,2010,PR,4113205,24,7.0
182,2010,PR,4114302,36,20.0
183,2010,PR,4119103,20,3.0
184,2010,PR,4119152,37,15.0
185,2010,PR,4119509,47,27.0
186,2010,PR,4120804,33,12.0
187,2010,PR,4121208,28,11.0
188,2010,PR,4122206,42,25.0
189,2010,PR,4122305,22,3.0
190,2010,PR,4125506,33,11.0
191,2010,PR,4127601,22,3.0
192,2010,PR,4127882,32,12.0
193,2010,PR,4128633,33,14.0
194,2010,SC,4205407,29,8.0
195,2010,RS,4314902,34,10.0
196,2010,MS,5002704,30,9.0
197,2010,MT,5103403,31,8.0
198,2010,GO,5200100,18,2.0
199,2010,GO,5200175,20,4.0
200,2010,GO,5200258,54,38.0
201,2010,GO,5200308,23,6.0
202,2010,GO,5200605,18,3.0
203,2010,GO,5200803,23,7.0
204,2010,GO,5203203,20,2.0
205,2010,GO,5204003,24,4.0
206,2010,GO,5205307,20,3.0
207,2010,GO,5205497,56,43.0
208,2010,GO,5205513,37,22.0
209,2010,GO,5205802,24,4.0
210,2010,GO,5206206,26,9.0
211,2010,GO,5207907,27,8.0
212,2010,GO,5208004,24,6.0
213,2010,GO,5208608,27,7.0
214,2010,GO,5208707,31,9.0
215,2010,GO,5212501,43,28.0
216,2010,GO,5213053,17,4.0
217,2010,GO,5214606,24,5.0
218,2010,GO,5215231,53,38.0
219,2010,GO,5215603,32,16.0
220,2010,GO,5217302,21,3.0
221,2010,GO,5217609,55,45.0
222,2010,GO,5219753,53,40.0
223,2010,GO,5220009,22,6.0
224,2010,GO,5220686,16,2.0
225,2010,GO,5221858,47,28.0
226,2010,GO,5222203,25,5.0
227,2010,GO,5222302,24,8.0
228,2010,DF,5300108,39,16.0
